GCT:1	0.00000
GCT:2	0.00000
GCT:3	1.00000
ACT:1	0.00000
ACT:2	0.00000
ACT:3	1.00000
ACC:1	0.00000
ACC:2	0.00000
ACC:3	1.00000
GCC:1	0.00000
GCC:2	0.00000
GCC:3	1.00000
TCT:1	0.00000
TCT:2	0.00000
TCT:3	1.00000
CCC:1	0.00000
CCC:2	0.00000
CCC:3	1.00000
CCT:1	0.00000
CCT:2	0.00000
CCT:3	1.00000
TCC:1	0.00000
TCC:2	0.00000
TCC:3	1.00000
ACA:1	0.00000
ACA:2	0.00000
ACA:3	1.00000
GCA:1	0.00000
GCA:2	0.00000
GCA:3	1.00000
ACG:1	0.00000
ACG:2	0.00000
ACG:3	1.00000
GCG:1	0.00000
GCG:2	0.00000
GCG:3	1.00000
TCA:1	0.00000
TCA:2	0.00000
TCA:3	1.00000
CCG:1	0.00000
CCG:2	0.00000
CCG:3	1.00000
CCA:1	0.00000
CCA:2	0.00000
CCA:3	1.00000
TCG:1	0.00000
TCG:2	0.00000
TCG:3	1.00000
GAA:1	0.00000
GAA:2	0.00000
GAA:3	0.33333
TTG:1	0.33333
TTG:2	0.00000
TTG:3	0.33333
AGT:1	0.00000
AGT:2	0.00000
AGT:3	0.33333
CTA:1	0.33333
CTA:2	0.00000
CTA:3	1.00000
AAA:1	0.00000
AAA:2	0.00000
AAA:3	0.33333
GGT:1	0.00000
GGT:2	0.00000
GGT:3	1.00000
GAG:1	0.00000
GAG:2	0.00000
GAG:3	0.33333
CTG:1	0.33333
CTG:2	0.00000
CTG:3	1.00000
GGC:1	0.00000
GGC:2	0.00000
GGC:3	1.00000
TTA:1	0.33333
TTA:2	0.00000
TTA:3	0.33333
AAG:1	0.00000
AAG:2	0.00000
AAG:3	0.33333
AGC:1	0.00000
AGC:2	0.00000
AGC:3	0.33333
CGC:1	0.00000
CGC:2	0.00000
CGC:3	1.00000
GTG:1	0.00000
GTG:2	0.00000
GTG:3	1.00000
TAA:1	0.00000
TAA:2	0.33333
TAA:3	0.33333
CAG:1	0.00000
CAG:2	0.00000
CAG:3	0.33333
ATG:1	0.00000
ATG:2	0.00000
ATG:3	0.00000
TGT:1	0.00000
TGT:2	0.00000
TGT:3	0.33333
TGC:1	0.00000
TGC:2	0.00000
TGC:3	0.33333
GTA:1	0.00000
GTA:2	0.00000
GTA:3	1.00000
CAA:1	0.00000
CAA:2	0.00000
CAA:3	0.33333
TAG:1	0.00000
TAG:2	0.00000
TAG:3	0.33333
ATA:1	0.00000
ATA:2	0.00000
ATA:3	0.66667
CGT:1	0.00000
CGT:2	0.00000
CGT:3	1.00000
AAT:1	0.00000
AAT:2	0.00000
AAT:3	0.33333
GGA:1	0.00000
GGA:2	0.00000
GGA:3	1.00000
TTC:1	0.00000
TTC:2	0.00000
TTC:3	0.33333
GAT:1	0.00000
GAT:2	0.00000
GAT:3	0.33333
CTT:1	0.00000
CTT:2	0.00000
CTT:3	1.00000
AGA:1	0.33333
AGA:2	0.00000
AGA:3	0.33333
GAC:1	0.00000
GAC:2	0.00000
GAC:3	0.33333
CTC:1	0.00000
CTC:2	0.00000
CTC:3	1.00000
GGG:1	0.00000
GGG:2	0.00000
GGG:3	1.00000
AAC:1	0.00000
AAC:2	0.00000
AAC:3	0.33333
TTT:1	0.00000
TTT:2	0.00000
TTT:3	0.33333
AGG:1	0.33333
AGG:2	0.00000
AGG:3	0.33333
TGA:1	0.00000
TGA:2	0.33333
TGA:3	0.00000
CGG:1	0.33333
CGG:2	0.00000
CGG:3	1.00000
GTC:1	0.00000
GTC:2	0.00000
GTC:3	1.00000
CAC:1	0.00000
CAC:2	0.00000
CAC:3	0.33333
ATC:1	0.00000
ATC:2	0.00000
ATC:3	0.66667
TAT:1	0.00000
TAT:2	0.00000
TAT:3	0.33333
CGA:1	0.33333
CGA:2	0.00000
CGA:3	1.00000
ATT:1	0.00000
ATT:2	0.00000
ATT:3	0.66667
TGG:1	0.00000
TGG:2	0.00000
TGG:3	0.00000
TAC:1	0.00000
TAC:2	0.00000
TAC:3	0.33333
GTT:1	0.00000
GTT:2	0.00000
GTT:3	1.00000
CAT:1	0.00000
CAT:2	0.00000
CAT:3	0.33333
